679608303382152910493022436120 (1967970208, 6646721011, 3878458912) (16249, 51716, 17866)
543994821686536653774480532386 (-172308481, -9280639901, -3668722094) (51769, -18, -63514)
288923576238584762595900740947 (3512464259, 9275732898, 8036065719) (4062, 6515, -68691)
93684388530314577912155203458 (9572947157, 2978359343, -5252271671) (-64659, 94645, 50230)
717357052382554161999895932599 (4963215767, 2733312101, 8353290069) (48315, -55358, 4670)
46709818215994848423374823175 (-6625009755, -8741189023, 3412603832) (94934, -29291, 34087)
933875139494994702850804829772 (-7919412632, -8270396384, 7136124119) (81864, 11324, 22477)
133972339258119240684834778776 (-9807470171, 2097786406, -5999170395) (71485, -45356, 90325)
986226154894138484060730367903 (-8634750801, -5352112250, 5266891464) (-87040, 33229, -70227)
58271311230846546983918930481 (7660540407, -2953676264, -9398054340) (18874, -9124, -96288)
