308723504339130184484493824797 (-8570785727, -5157046639, 1042371668) (-47393, -26057, -90730)
13437427319965857743167395645 (-1586026113, -7253126824, 5437240567) (-79120, 26396, 56890)
951011446750784231858801452237 (4245022932, 5484647519, -759447336) (54656, 62559, 95747)
808430641068670079582993101849 (3577861614, -3102936329, -9778406822) (-9320, -26076, -12300)
276561908232948498948240034355 (2347731716, 5009391461, -6214265606) (37573, -75029, 98373)
740102467662370245506851151546 (-468455769, -7916068834, -1979649041) (-45678, 34260, -8458)
633766441039724478083464399688 (7972913528, 6237052609, -7110454422) (3169, -44588, 84245)
135767180605051209964413309044 (-7888525395, 3510678651, -5911953768) (-69753, -64343, -71278)
20138708515739635683498159500 (1163626753, 3632441741, -5315790172) (-34067, 16373, -52154)
427665971376132510803758176836 (8900997392, -3243841119, -7558076556) (-49848, -49091, 9244)
358508964773020112291975786603 (147749822, -1965170577, 1593010389) (49894, 64225, 38854)
276861944722709248140083399960 (5063471283, 8866438881, -1990215151) (-48886, -3832, 63159)
192953073083670283926249609875 (4042332160, 8762318527, 220396313) (76068, 56808, 88814)
48742427009681941677711043482 (4877639663, -4417627834, 9099460190) (84429, -45631, 49267)
482902979303400905983168961785 (773539019, -8196198798, 5727089862) (64666, -41397, 60547)
497886256516453177592374393282 (3262345828, 2417883409, -3151983059) (-84934, -4911, -24832)
955217100216257270109175701257 (-9207612998, -2251662243, 9828161956) (-7620, -31306, 90774)
385598111509794181764669943281 (-8763247444, -8565793742, 5955257790) (-86814, 32730, 92253)
592653093309991994962404099105 (-8321102649, -2476871896, -2046134123) (73861, 682, 65141)
123287531281924937494982243171 (-5611216307, 2724091424, -1206067068) (68085, 58531, -42697)
196138393115324199243271583597 (3165662676, -4768038816, 3274470553) (-83698, -61545, 31548)
375305135150051867981664185671 (6156122596, -7056082797, -2152869696) (33059, -87139, 93898)
151922676673130286520817862963 (8293737050, -247305795, -9107087799) (-4479, 18893, -62380)
210510921036576607291237329688 (-2753950897, -7007272877, 7126269242) (35318, 10134, -42333)
325986552596619186054655597271 (-9617960403, 5547281074, 7605496944) (12361, 66408, 7639)
546484150063617712198980170597 (-3032199414, 1905733489, -9380525592) (-925, 47439, -34781)
779884959205460181373837270351 (7295524352, 5640154384, 2222009606) (80244, 14923, 81195)
554929693733508031799561234811 (-3930736664, 5154909766, -4895846198) (-6968, -59316, 30106)
313747654699561113100451961163 (-1103162960, 7885198841, 5563085560) (32666, 53608, -42088)
738250783043953140761062328592 (-5527900842, -7876386418, -4307563437) (-77365, 14591, -14646)
543073052561770665725948273809 (-7787738136, -2554839146, -4906372399) (-5154, -61406, 89004)
592166899664685944558010473574 (8510000641, -1020684160, -6748692991) (-42701, -24574, 69774)
414097362239251244764979541980 (9964209759, 3596921195, -5761700113) (5143, 71079, -28052)
961632669733603872041403858302 (2582372912, -6542806196, -6170084040) (-5648, -87539, -62459)
273506561133904992800429682530 (-2881052880, 1040469714, -9264892452) (80161, 84824, 35391)
303463779275772923279018035734 (4896674504, -3905904123, -9341973717) (84574, 7826, -58739)
173393834967286385524898559533 (-7998903383, 8533410336, 8710591999) (-83292, 92861, -96147)
979028732068165244955746335680 (9146908746, 9802899395, 1869289278) (90085, -40129, -81657)
855098813578904586988928402097 (-2870681001, -2359787306, -399602109) (26070, 30031, 25970)
760742095691666206554682639551 (-7070265503, -6100828791, 4650308478) (-46073, 35149, 19449)
825832430942579781430096051471 (2566524727, 8124761521, 912246394) (16165, -40815, 3555)
736089892361580956441351614658 (-7287507508, -9645594841, 6848934660) (-33431, -14662, 4337)
117595324494980717985111009970 (5794307566, 1196324815, -9439667256) (-16732, 98640, -1468)
388849054666693812193499780091 (1344006624, 4589313601, -9602640415) (49706, 46723, 82022)
463078072785928838353354689547 (-7479391869, -6757947613, -6342832023) (-44814, -2210, 85961)
593051329022709968147084841669 (-6044238706, -9480046580, -4992075285) (72230, 68242, 62619)
592268937678921981762791614369 (1251990410, -5977770110, 9672176378) (54042, 81145, -69278)
586460572936231043882127284042 (-7294040292, 563926066, -4576484627) (-19472, 30721, 87054)
606365826779802610776784378621 (-1618820629, 9483291746, 2824520726) (-77855, 81141, -16082)
943895954666950719053794638678 (5659181176, -1969746460, -6541779751) (-34077, 25578, -6312)
528378813772473208727127689206 (-1651066469, -9641683038, -9837733788) (40212, -28456, 86461)
137006236178535347496340630346 (-4239717183, -2960320420, -7174674206) (-96450, 80457, 84452)
952833039636047864026448985669 (-4138678850, -7202183068, 366636174) (4097, -799, 5055)
643550238268562204290877113990 (-6697078941, -3455417280, 4666373850) (69090, -14699, 13125)
689632478873287866739186296655 (1503448376, 7189286341, -2824330481) (47508, -27388, 72161)
948192845797843123140834302581 (-5277672740, 1216199358, 4588328922) (99382, -47789, 92201)
647254394604158950113655139623 (-3278296300, -694212704, -5363785612) (34210, -2999, -87584)
239789717805836743427464022966 (-1582076220, 8410799831, 5242396971) (46494, 98318, 93030)
669266160474693426815547844127 (-6351739544, -1648290289, -3202650854) (-20208, -8783, -20793)
692110160133676473408325049158 (4870490393, -7996380783, -5491426159) (-30470, 34732, -39713)
815684799504667749115077975517 (-5338830148, 2513600595, 5569518460) (87798, -3862, 24123)
651802173495856730175551252401 (7288917206, 6862633106, -5265656633) (-30774, 46572, 54755)
558457320593162906507888312941 (-1356110816, 4282274991, -4901341236) (-23775, -3625, -45668)
393091732218183704726888052714 (4843200673, 5607517423, 8246966084) (27572, -54700, 94723)
359291346126616302212988883849 (-8964973805, -1359038703, -1030501410) (-68943, -33118, -4691)
309825650978416280142425665340 (-2344764824, 2148066181, -6826198151) (-1050, 24720, -22546)
587503188515044630580134365666 (7386149031, 523904428, -8487935903) (59991, -63285, 42396)
598444946283616028052623331111 (7459795371, -4569486887, 2841032197) (73028, -20116, -74922)
871759800028652160746737110864 (-118148638, 3042879113, -9484229700) (-6199, 67353, -79139)
229686534717315832723228322743 (5820571485, -7696125947, -7257951333) (32770, -56988, 78878)
938261102627876669949591606215 (-4302363695, 4756247045, -5014113013) (67856, 75658, -36672)
351579139866210030326654267883 (9745989040, -3646210157, -2415814648) (19510, 4385, -82354)
618529224295299040397043168313 (-6123443549, -4962329501, -8479452764) (-11041, -65214, -71856)
129845494851376310501317013756 (1246374135, 9283386530, 8656228446) (23823, -20073, -80152)
429802471835316182879680560026 (-8481544771, 7937417509, -8840951859) (88161, 91876, -55108)
243115242891672601371694432834 (-9288269207, 5695502192, 9799055631) (-50271, 7505, -57635)
634200240677430196926816499831 (-928100608, -2319873290, 5792355864) (-68943, -80935, 96911)
586975023987021709400196310430 (3770852457, 9738715585, -5784781594) (84954, 51657, 29132)
478787453496142899796337723375 (-361066009, -7295857313, 1006673513) (68495, 25423, 85746)
637983921134065538783445023339 (7167592796, -7115264177, 7745533997) (-63071, -65354, 42557)
869234924492990345506609458366 (-7733148511, -4954667736, -5915835790) (-48263, 85901, -32608)
868255878199392894091334872574 (4684102775, 3735533820, 7876586342) (68692, 71992, 72891)
564607257155141614049037178596 (-6786805123, -1867667056, 4038903084) (50405, -23867, -69402)
7223247536453104405394757183 (6007610621, -1748322525, -2030959535) (77604, 77700, 61692)
538849019486962725568733733193 (521093255, 6741411627, 1527715066) (-80839, -25469, -79556)
778712624412009698671346185811 (7190969678, 6758973532, -478202393) (62690, 25508, 57941)
488791957404031684827242172367 (1834445437, -2000842112, 208039384) (26997, -35889, -2085)
348281945264574760169062004015 (-2851375689, -589974852, 5891523892) (42503, 144, 32309)
404221454968052355150767327603 (3023237122, 8536990347, 4158312113) (47490, 73708, 36237)
705666713211948081727643626492 (3837730879, -5002204505, -8012000516) (48499, 54283, 27263)
667330794841416514911436655380 (-2589272952, 4879353321, -9576597040) (5597, -28989, -51703)
159810282962812584045534351533 (-2674207079, -918939165, 3661732119) (79887, -84851, -30030)
47399806726619723839481893285 (-1347707930, -4506310455, -8430680359) (58105, -17253, -3521)
629764100145875531358025630002 (7357380547, -5768035577, -1522935307) (-78054, -41058, 65545)
588144910166105450265854810489 (7819548149, 6092320868, -4588665634) (64946, -37714, -37710)
243742778983259342825487174776 (-3317963247, -2683250694, -5798397384) (83823, 4268, 17349)
900147902744283529173601151816 (-7592108031, 5176163752, -5805921453) (-91592, 41465, -38140)
985203882205121434643329752179 (-1573497588, -9816682813, 9256829022) (53913, 6026, -53034)
798134623931754154768554582482 (8747249492, -9113545008, 1972549585) (60039, 84450, 95309)
109043497919655615726524922589 (-8288192360, -3473493004, 1260574705) (-21963, -82267, -29707)
